18.554154
15.266010
15.448958
16.409776
15.402896
15.188368
14.757969
16.332626
16.508461
15.138670
16.250952
15.156994
15.201925
15.527709
15.542603
15.640361
14.925532
15.978197
15.121077
15.351719
15.039468
14.932664
15.967008
15.420812
16.529667
15.787954
16.652552
15.351012
15.113405
14.532349
14.165739
14.263039
15.124638
14.235223
14.887250
14.586038
14.565248
15.395815
16.005634
15.969958
15.050041
15.662233
15.372790
15.397272
15.326979
15.305765
15.358792
15.657468
15.993347
15.296100
14.546089
15.320706
14.109945
13.949948
15.593778
15.388234
15.380153
15.047550
15.135986
15.240783
14.777566
14.979895
15.162674
15.691901
16.735041
16.100467
14.604144
15.001693
15.092029
14.156658
15.795721
15.766405
15.846174
15.981480
14.634095
15.222190
16.016767
15.653792
15.132354
15.342634
14.545455
13.597223
14.170098
14.796933
15.597078
15.816099
16.062893
15.809991
15.538567
14.873648
15.563752
15.169508
15.374782
15.085752
15.641235
16.297528
15.148204
16.020910
16.057513
16.047464
15.089296
15.672823
14.831137
16.585398
14.797684
16.081640
15.825432
16.392483
15.179212
15.524197
14.984577
14.823348
16.206968
15.916072
15.776390
15.079545
15.727298
16.331978
15.251508
15.078018
14.809675
15.228979
15.925849
14.614023
15.346906
15.964968
14.383847
14.489514
14.568613
14.811304
15.488405
14.072869
12.957516
14.120732
15.653932
12.888116
14.729276
12.972116
13.094539
14.957808
14.985699
15.188368
14.406434
15.609321
15.355558
15.067697
15.355457
15.478815
13.196815
14.719117
13.517115
14.987079
13.300879
16.293886
14.515564
14.543097
14.549717
15.795863
14.312967
15.331041
15.040437
15.034203
15.376370
15.057002
15.535118
15.458749
15.940864
12.862847
15.595133
15.077953
15.609043
15.369921
14.871563
15.495227
14.964203
15.265211
14.698163
15.892476
15.770987
15.566937
15.453153
15.177271
12.681274
12.161857
11.581523
13.736614
15.353066
14.953974
14.045761
15.774079
15.193181
15.374411
14.209966
15.745587
13.776246
15.207705
14.552954
14.185777
14.676837
13.769742
15.434685
14.460330
15.238858
14.470613
15.492107
14.481211
15.783718
15.682690
15.608625
15.694575
15.633619
15.470502
14.938624
13.357377
8.446588
11.680274
13.034047
13.791799
12.625033
13.967985
11.704002
14.669701
14.884243
15.754979
14.640890
14.515985
15.187742
15.270773
13.405468
2.657123
6.491742
11.383909
12.729865
13.393925
13.536379
11.723761
14.623334
13.371972
13.635974
14.695694
14.961709
15.138441
13.693673
11.495744
15.243836
15.759732
13.501211
15.155845
15.301717
14.449763
14.362687
14.265219
12.423242
14.012135
15.712929
13.409936
12.932619
13.287498
11.325578
11.899743
13.619313
14.071115
8.666691
13.136659
12.391837
11.024889
13.301562
14.106135
15.558944
14.767839
15.080747
15.592736
15.608729
15.390433
15.293359
15.942679
15.882560
15.788702
14.337534
15.209423
15.650992
15.818852
15.789664
15.784999
15.555210
16.044227
16.005524
15.874780
15.921647
15.271705
15.869777
16.188040
15.094795
15.257425
15.281774
16.444586
15.590478
13.782159
10.885962
13.378182
