32.249742
27.179294
25.974508
26.953036
24.211986
26.966223
26.067754
27.448074
25.608007
27.950807
26.329449
26.959057
28.100713
28.836014
28.805636
27.385149
27.086010
28.161535
25.439467
26.793130
27.380221
26.618196
26.624676
26.964872
28.283514
26.309855
26.103429
24.197842
26.033338
26.102261
25.991193
26.161574
28.300094
27.482343
26.935405
26.407919
26.818382
25.728295
26.425266
26.117551
26.443933
26.133152
27.789026
24.344100
27.220831
25.796466
26.766391
28.679827
27.288853
26.849242
25.258721
27.460241
28.612537
28.355464
27.479969
26.237078
24.856984
23.488356
26.162258
25.382827
25.038452
26.342330
24.878893
22.781267
24.450476
26.280321
25.124546
27.792777
25.558079
25.568441
26.281209
24.808795
27.805252
25.428654
28.336525
27.626926
27.998320
27.683303
25.242781
26.272331
24.924248
21.853488
26.267304
25.334231
24.678301
24.056306
27.307908
27.129259
26.722759
26.083684
28.176724
27.628016
27.745078
28.297463
28.539627
26.454627
25.566200
25.844563
25.420897
27.112972
28.309136
27.186050
27.354970
26.621031
27.821829
24.458250
28.778990
28.516142
24.624217
26.835655
24.559766
25.161302
27.002006
27.536397
27.444415
26.366540
26.667784
28.503370
28.350526
27.922376
26.734496
28.703818
28.016474
29.002681
27.900340
28.200335
28.981307
28.444993
27.964988
24.638171
26.901452
26.626094
28.618386
27.282684
25.276689
26.766186
27.141987
27.752998
28.103082
28.152587
27.549944
24.962022
27.298217
27.342041
25.738417
26.156197
26.015148
27.157045
26.614047
27.725078
27.535964
27.058473
27.189534
27.627580
28.046782
26.301353
26.655497
28.308105
28.737284
29.088129
28.962361
25.695428
27.251881
26.189372
26.693716
27.438283
25.394522
26.791592
26.283676
28.237990
28.020848
27.836987
26.861296
27.660987
28.593837
28.662094
27.691078
24.528870
28.385245
27.128523
27.100166
28.499076
26.681913
27.271842
28.288429
29.044076
27.753659
24.439293
27.169905
27.224007
26.140471
26.716130
27.028071
26.256269
26.408517
26.405329
28.243573
26.643119
26.683236
27.596974
24.867757
26.420777
27.999776
27.523188
26.687203
26.875012
27.834551
26.971002
26.992323
28.577377
26.922041
26.819615
26.761479
27.921708
25.712984
27.594254
28.175931
26.730310
26.033628
26.912415
28.398488
27.407987
27.845624
27.274498
27.002423
27.275986
25.347166
26.415194
26.608078
26.174193
27.816743
28.998596
29.297284
27.777888
27.368018
26.804826
27.416146
27.093243
28.381562
27.784283
26.437741
27.753659
27.727824
26.761990
28.237534
24.516242
27.117278
28.998836
29.527144
29.122861
29.152091
28.053301
28.651067
27.614284
26.625283
27.180877
26.295524
26.638759
26.355918
26.085434
26.769666
27.871124
27.821829
27.465305
28.982747
28.851702
28.964758
26.175563
26.087086
28.432862
24.807037
25.943510
27.187950
28.634424
25.584421
26.981918
25.784398
28.792721
26.358101
27.325817
25.375834
28.281229
28.424087
28.544864
26.804724
27.308761
26.814170
27.069670
27.993841
25.942548
26.364058
26.019500
26.125544
26.574743
25.733875
24.522340
26.037211
23.886953
26.277460
27.068937
27.628234
25.838363
27.082971
27.624854
25.533281
27.755529
28.243345
25.369488
25.617004
27.738921
28.824852
27.597844
26.194664
24.462951
25.622442
25.869205
25.851913
26.520174
25.134740
20.881747
27.407022
23.329989
25.940241
24.255024
25.340834
28.068487
26.173312
26.832980
28.645322
29.309919
27.571864
29.252474
27.926609
26.234030
27.263557
27.032559
26.693207
24.443731
25.854968
25.926790
26.724697
27.314195
27.107302
28.003360
27.016387
26.546323
28.332625
28.087859
26.029465
27.215963
26.292857
27.745408
28.199313
27.352298
24.729390
27.356466
28.894218
27.670281
28.117531
27.310146
27.804921
29.333747
27.217867
27.861029
27.264194
27.621911
26.267796
21.194138
18.567590
22.229067
26.547632
26.770280
27.125475
28.777925
29.808671
27.470371
28.842311
28.812869
29.429447
29.020235
28.249956
28.261475
28.765981
28.997154
27.726066
27.665360
25.498960
25.997853
26.027336
27.297472
25.819397
26.899281
27.084123
28.454475
28.923708
29.171285
29.012177
27.874120
27.264513
26.590491
28.689818
28.583679
29.330920
26.099244
28.033753
27.739691
27.122006
27.201262
27.004298
27.321